HEIGHT=15;WIDTH=200
[0][0][0][0][0][0][0][0][0][0][0][0][0][0][0][0][0][0][0][0][0][0][0][0][0][0][0][0][0][0][0][0][0][0][0][0][0][0][0][0][0][0][0][0][0][0][0][0][0][0][0][0][0][0][0][0][0][0][0][0][0][0][0][0][0][0][0][0][0][0][0][0][0][0][0][0][0][0][0][0][0][0][0][0][0][0][0][0][0][0][0][0][0][0][0][0][0][0][0][0][0][0][0][0][0][0][0][0][0][0][0][0][0][0][0][0][0][0][0][0][0][0][0][0][0][0][0][0][0][0][0][0][0][0][0][0][0][0][0][0][0][0][0][0][0][0][0][0][0][0][0][0][0][0][0][0][0][0][0][0][0][0][0][0][0][0][0][0][0][0][0][0][0][0][0][0][0][0][0][0][0][0][0][0][0][0][0][0][0][0][0][0][0][0][0][0][0][0][0][0]
[0][0][0][0][0][0][0][0][0][0][0][0][0][0][0][0][0][0][0][0][0][0][0][0][0][0][0][0][0][0][0][0][0][0][0][0][0][0][0][0][0][0][0][0][0][0][0][0][0][0][0][0][0][0][0][0][0][0][0][0][0][0][0][0][0][0][0][0][0][0][0][0][0][0][0][0][0][0][0][0][0][0][0][0][0][0][0][0][0][0][0][0][0][0][0][0][0][0][0][0][0][0][0][0][0][0][0][0][0][0][0][0][0][0][0][0][0][0][0][0][0][0][0][0][0][0][0][0][0][0][0][0][0][0][0][0][0][0][0][0][0][0][0][0][0][0][0][0][0][0][0][0][0][0][0][0][0][0][0][0][0][0][0][0][0][0][0][0][0][0][0][0][0][0][0][0][0][0][0][0][0][0][0][0][0][0][0][0][0][0][0][0][0][0][0][0][0][0][0][0]
[0][0][0][0][0][0][0][0][0][0][0][0][0][0][0][0][0][0][0][0][0][0][0][0][0][0][0][0][0][0][0][0][0][0][0][0][0][0][0][0][0][0][0][0][0][0][0][0][0][0][0][0][0][0][0][0][0][0][0][0][0][0][0][0][0][0][0][0][0][0][0][0][0][0][0][0][0][0][0][0][0][0][0][0][0][0][0][0][0][0][0][0][0][0][0][0][0][0][0][0][0][0][0][0][0][0][0][0][0][0][0][0][0][0][0][0][0][0][0][0][0][0][0][0][0][0][0][0][0][0][0][0][0][0][0][0][0][0][0][0][0][0][0][0][0][0][0][0][0][0][0][0][0][0][0][0][0][0][0][0][0][0][0][0][0][0][0][0][0][0][0][0][0][0][0][0][0][0][0][0][0][0][0][0][0][0][0][0][0][0][0][0][0][0][0][0][0][0][0][0]
[0][0][0][0][0][0][0][0][0][0][0][0][0][0][0][0][0][0][0][0][0][0][0][0][0][0][0][0][0][0][0][0][0][0][0][0][0][0][0][0][0][0][0][0][0][0][0][0][0][0][0][0][0][0][0][0][0][0][0][0][0][0][0][0][0][0][0][0][0][0][0][0][0][0][0][0][0][0][0][0][0][0][0][0][0][0][0][0][0][0][0][0][0][0][0][0][0][0][0][0][0][0][0][0][0][0][0][0][0][0][0][0][0][0][0][0][0][0][0][0][0][0][0][0][0][0][0][0][0][0][0][0][0][0][0][0][0][0][0][0][0][0][0][0][0][0][0][0][0][0][0][v][0][0][0][0][0][0][0][0][0][0][0][0][0][0][0][0][0][0][0][0][0][0][0][0][0][0][0][0][0][0][0][0][0][0][0][0][0][0][0][0][0][0][0][0][0][0][0][0]
[0][0][0][0][0][0][0][0][0][0][0][0][0][0][0][0][0][0][0][0][0][0][0][0][0][0][0][0][0][0][0][0][0][0][0][0][0][0][0][0][0][0][0][0][0][0][0][0][0][0][0][0][0][0][0][0][0][0][0][0][0][0][0][0][0][0][0][0][0][0][0][0][0][0][0][0][0][0][0][0][0][0][0][0][0][0][0][0][0][0][0][0][0][0][0][0][0][0][0][0][0][0][0][0][0][0][0][0][0][0][0][0][0][0][0][0][0][0][0][0][0][0][0][0][0][0][0][0][0][0][0][0][0][0][0][0][0][0][0][0][0][0][0][0][0][0][0][0][0][0][0][0][0][0][0][0][0][0][0][0][0][0][0][0][0][0][0][0][0][0][0][0][0][0][0][0][0][0][0][0][0][0][0][0][0][0][0][0][0][0][0][0][0][0][0][0][0][0][0][0]
[0][0][0][0][0][0][0][0][0][0][0][0][0][0][0][0][0][0][0][0][o][o][o][o][0][0][0][0][m][m][m][m][0][0][0][0][0][0][0][0][0][0][0][0][0][0][0][0][0][0][0][0][0][0][0][0][0][0][0][0][0][0][0][0][0][r][r][0][0][0][0][0][0][0][0][0][0][0][0][0][0][0][0][m][m][o][0][0][0][0][0][0][0][0][0][0][0][0][0][0][0][0][0][0][0][0][0][0][0][0][0][0][0][0][0][0][0][0][0][0][0][0][0][0][0][0][0][0][0][0][0][0][0][0][0][0][0][0][0][0][0][0][0][0][0][0][0][0][0][0][0][r][r][0][0][0][0][0][0][0][0][0][0][0][0][0][0][0][0][0][0][0][0][0][0][0][0][0][0][0][0][0][0][0][0][0][0][0][0][0][0][0][0][0][o][0][0][0][0][0]
[0][0][0][0][0][0][0][0][0][0][0][0][0][0][0][0][0][0][0][0][0][0][0][0][0][0][0][0][0][0][0][0][0][0][0][0][0][0][0][0][0][0][0][0][0][0][0][0][0][0][0][0][0][0][0][0][0][0][0][0][0][0][0][0][0][r][r][0][0][0][0][0][0][0][0][0][0][0][0][0][0][0][0][0][0][0][0][0][0][0][0][0][0][0][0][0][0][0][0][0][0][0][0][0][0][0][0][0][0][0][0][0][0][0][0][0][0][0][0][0][0][0][0][0][0][0][0][0][0][0][0][0][0][0][0][0][0][0][0][0][0][0][0][0][0][0][0][0][0][0][r][r][r][0][0][0][0][0][0][0][0][0][0][0][0][0][0][0][0][0][0][0][0][0][0][0][0][0][0][0][0][0][0][0][0][0][0][0][0][0][0][0][0][0][0][0][0][0][0][0]
[0][0][0][0][0][0][0][0][0][0][0][0][0][0][0][0][0][0][0][0][0][0][0][0][0][0][0][0][0][0][0][0][0][0][0][0][0][0][0][0][0][0][0][0][0][0][0][0][0][0][0][0][0][0][0][0][0][0][0][0][0][0][0][0][0][r][r][0][0][0][0][0][0][0][0][0][0][0][0][0][0][0][0][0][0][0][0][0][0][0][0][0][0][0][0][0][0][0][0][0][0][0][0][0][0][0][0][0][0][0][0][0][0][0][0][0][0][0][0][0][0][0][0][0][0][0][0][0][0][0][r][0][0][0][0][0][0][0][0][0][0][0][0][0][0][0][0][0][0][r][r][r][r][0][0][0][0][0][0][0][0][0][0][0][0][0][0][0][0][0][0][0][0][0][0][0][0][0][0][0][0][0][0][0][0][0][0][0][0][0][0][0][0][0][0][0][0][0][0][0]
[0][0][0][0][0][0][0][0][0][0][0][0][0][0][0][0][0][0][0][0][0][0][0][0][0][0][0][0][0][0][0][0][0][0][0][0][0][0][0][0][0][0][0][0][0][0][0][0][0][0][0][0][0][0][0][0][0][0][0][0][0][0][0][0][0][r][r][0][0][0][0][0][0][0][0][0][0][0][0][0][0][0][0][0][0][0][0][0][0][0][0][0][0][0][r][0][0][0][0][0][0][0][0][0][0][0][0][0][0][r][m][m][0][w][o][0][0][0][0][0][0][0][0][0][0][0][0][0][0][r][r][0][0][0][0][0][0][0][0][0][0][a][0][0][0][0][0][0][r][r][r][r][r][0][0][0][0][0][0][0][l][0][0][0][0][0][0][0][0][0][0][0][0][0][0][0][0][0][0][0][0][0][0][0][0][0][0][0][0][0][0][0][0][0][0][0][0][0][0][0]
[0][0][0][0][0][0][0][0][0][0][0][0][0][0][0][0][0][0][o][o][w][m][m][o][o][o][0][0][0][0][0][0][0][r][l][m][m][0][0][0][0][0][0][0][0][0][0][0][0][0][0][0][0][0][0][0][0][0][0][t][T][0][0][0][0][r][r][0][0][0][0][0][0][0][0][0][0][0][0][0][0][0][r][0][0][w][0][0][0][0][0][0][0][r][r][0][0][0][0][0][0][0][0][0][0][0][0][0][r][r][0][0][0][0][0][0][0][0][0][0][0][0][0][0][0][0][0][t][T][r][r][0][0][0][0][0][0][0][0][0][0][0][0][0][0][0][0][r][r][r][r][r][r][0][0][0][0][0][0][0][0][0][0][0][0][0][0][0][0][0][0][0][0][0][0][0][0][0][0][0][0][0][0][0][0][0][0][0][0][r][0][0][0][0][o][0][0][0][0][0]
[0][0][0][0][0][0][0][0][0][0][0][0][0][0][0][0][0][0][0][0][0][0][0][0][0][0][0][0][0][0][0][0][0][r][0][0][0][0][0][0][0][0][0][0][c][0][0][0][0][0][0][t][T][0][0][0][0][0][0][t][T][0][0][0][0][r][r][0][0][0][0][0][0][0][0][0][0][0][0][0][0][0][r][0][0][0][0][0][0][0][0][K][r][r][r][0][0][0][0][0][0][0][0][0][0][0][0][r][r][r][0][0][0][0][0][0][0][0][0][0][0][0][0][0][0][0][0][t][T][r][r][0][0][0][0][0][0][0][0][0][0][0][0][0][0][0][r][r][r][r][r][r][r][0][0][0][0][0][0][0][0][0][t][T][0][0][0][0][0][0][0][0][0][0][0][0][0][0][0][0][0][0][0][0][0][0][0][0][0][r][0][0][0][0][0][0][0][0][0][0]
[0][0][0][0][0][0][0][0][0][0][0][0][0][0][0][0][0][0][0][0][0][0][0][0][0][0][0][0][0][0][0][0][0][r][0][0][0][0][0][0][0][c][0][0][0][0][0][0][0][0][0][t][T][0][0][0][0][0][r][t][T][0][0][0][0][r][r][0][0][0][c][0][0][0][0][0][t][T][0][0][0][0][r][0][0][0][0][0][0][0][0][r][r][r][r][0][0][0][0][0][0][0][0][0][0][0][r][r][r][r][0][0][0][0][0][0][0][0][0][0][0][0][0][0][0][0][0][t][T][r][r][0][0][t][T][0][0][0][0][0][0][0][0][0][0][r][r][r][r][r][r][r][r][0][0][0][0][0][0][0][0][0][t][T][0][0][0][0][0][0][0][0][0][0][0][0][0][0][0][0][0][0][0][0][0][0][0][0][0][r][r][0][0][0][0][0][0][0][0][0]
[0][0][0][0][0][0][0][0][0][0][0][0][0][0][0][0][0][0][0][0][0][0][0][0][0][0][0][0][0][0][0][K][0][r][0][0][0][0][0][0][K][0][0][0][c][0][K][0][0][0][0][t][T][0][0][0][0][r][r][t][T][0][0][0][0][r][r][0][0][0][0][0][0][0][0][0][t][T][0][0][0][0][r][0][0][0][0][0][0][0][r][r][r][r][r][0][0][e][e][0][0][0][0][0][0][r][r][r][r][r][0][0][0][m][m][m][m][m][0][0][0][0][0][0][0][0][0][t][T][r][r][0][0][t][T][0][0][0][0][0][0][0][0][0][r][r][r][r][r][r][r][r][r][0][0][0][N][0][0][0][0][v][t][T][0][0][e][e][e][0][0][v][0][0][0][Y][0][0][0][0][0][0][0][0][0][0][0][k][k][r][r][0][0][0][0][0][0][0][0][0#]
[g][0][g][g][g][g][g][g][g][g][g][g][g][g][g][g][g][g][g][g][g][0][0][g][g][g][g][g][g][g][g][g][g][g][g][g][g][g][g][g][g][g][g][g][g][g][g][0][0][g][0][g][g][g][g][g][g][g][g][g][g][g][g][0][0][g][g][g][g][g][g][g][g][g][g][g][g][g][g][g][g][g][g][g][g][g][g][g][g][g][g][g][g][g][g][g][g][g][g][g][0][0][0][0][g][g][g][g][g][g][0][0][0][0][0][0][0][g][g][0][0][g][g][g][g][g][g][g][g][g][g][g][g][g][g][g][g][g][g][g][g][g][g][g][g][g][g][g][g][g][g][g][g][g][g][g][g][g][g][g][g][g][g][g][g][g][g][g][g][g][g][g][g][g][g][g][g][0][0][g][g][g][g][g][g][g][g][g][g][g][g][g][g][g][g][g][g][g][g][g]
[g][0][g][g][g][g][g][g][g][g][g][g][g][g][g][g][g][g][g][g][g][0][0][g][g][g][g][g][g][g][g][g][g][g][g][g][g][g][g][g][g][g][g][g][g][g][g][0][0][g][0][g][g][g][g][g][g][g][g][g][g][g][g][0][0][g][g][g][g][g][g][g][g][g][g][g][g][g][g][g][g][g][g][g][g][g][g][g][g][g][g][g][g][g][g][g][g][g][g][g][0][0][0][0][g][g][g][g][g][g][0][0][0][0][0][0][0][g][g][0][0][g][g][g][g][g][g][g][g][g][g][g][g][g][g][g][g][g][g][g][g][g][g][g][g][g][g][g][g][g][g][g][g][g][g][g][g][g][g][g][g][g][g][g][g][g][g][g][g][g][g][g][g][g][g][g][g][0][0][g][g][g][g][g][g][g][g][g][g][g][g][g][g][g][g][g][g][g][g][g]

