HEIGHT=15;WIDTH=200
[0][0][0][0][0][0][0][0][0][0][0][0][0][0][0][0][0][0][0][0][0][0][0][0][0][0][0][0][0][0][0][0][0][0][0][0][0][0][0][0][0][0][0][0][0][0][0][0][0][0][0][0][0][0][0][0][0][0][0][0][0][0][0][0][0][0][0][0][0][0][0][0][0][0][0][0][0][0][0][0][0][0][0][0][0][0][0][0][0][0][0][0][0][0][0][0][0][0][0][0][0][0][0][0][0][0][0][0][0][0][0][0][0][0][0][0][0][0][0][0][0][0][0][0][0][0][0][0][0][0][0][0][0][0][0][0][0][0][0][0][0][0][0][0][0][0][0][0][0][0][0][0][0][0][0][0][0][0][0][0][0][0][0][0][0][0][0][0][0][0][0][0][0][0][0][0][0][0][0][0][0][0][0][0][0][0][0][0][0][0][0][0][0][0][0][0][0][0][0][0]
[0][0][0][0][0][0][0][0][0][0][0][0][0][0][0][0][0][0][0][0][0][0][0][0][0][0][0][0][0][0][0][0][0][0][0][0][0][0][0][0][0][0][0][0][0][0][0][0][0][0][0][0][0][0][0][0][0][0][0][0][0][0][0][0][0][0][0][0][0][0][0][0][0][0][0][0][0][0][0][0][0][0][0][0][0][0][0][0][0][0][0][0][0][0][0][0][0][0][0][0][0][0][0][0][0][0][0][0][0][0][0][0][0][0][0][0][0][0][0][0][0][0][0][0][0][0][0][0][0][0][0][0][0][0][0][0][0][0][0][0][0][0][0][0][0][0][0][0][0][0][0][0][0][0][0][0][0][0][0][0][0][0][0][0][0][0][0][0][0][0][0][0][0][0][0][0][0][0][0][0][0][0][0][0][0][0][0][0][0][0][0][0][0][0][0][0][0][0][0][0]
[0][0][0][0][0][0][0][0][0][0][0][0][0][0][0][0][0][0][0][0][0][0][0][0][0][0][0][0][0][0][0][0][0][0][0][0][0][0][0][0][0][0][0][0][0][0][0][0][0][0][0][0][0][0][0][0][0][0][0][0][0][0][0][0][0][0][0][0][0][0][0][0][0][0][0][0][0][0][0][0][0][0][0][0][0][0][0][0][0][0][0][0][0][0][0][0][0][0][0][0][0][0][0][0][0][0][0][0][0][0][0][0][0][0][0][0][0][0][0][0][0][0][0][0][0][0][0][0][0][0][0][0][0][0][0][0][0][0][0][0][0][0][0][0][0][0][0][0][0][0][0][0][0][0][0][0][0][0][0][0][0][0][0][0][0][0][0][0][0][0][0][0][0][0][0][0][0][0][0][0][0][0][0][0][0][0][0][0][0][0][0][0][0][0][0][0][0][0][0][0]
[0][0][0][0][0][0][0][0][0][0][0][0][0][0][0][0][0][0][0][0][0][0][0][0][0][0][0][0][0][0][0][0][0][0][0][0][0][0][0][0][0][0][0][0][0][0][0][0][0][0][0][0][0][0][0][0][0][0][0][0][0][0][0][0][0][0][0][0][0][0][0][0][0][0][0][0][0][0][0][0][0][0][0][0][0][0][0][0][0][0][0][0][0][0][0][0][0][0][0][0][0][0][0][0][0][0][0][0][0][0][0][0][0][0][0][0][0][0][0][0][0][0][0][0][0][0][0][0][0][0][0][0][0][0][0][0][0][0][0][0][0][0][0][0][0][0][0][0][0][0][0][0][0][0][0][0][0][0][0][0][0][0][0][0][0][0][0][0][0][0][0][0][0][0][0][0][0][0][0][0][0][0][0][0][0][0][0][0][0][0][0][0][0][0][0][0][0][0][0][0]
[0][0][0][0][0][0][0][0][0][0][0][0][0][0][0][0][0][0][0][0][0][0][0][0][0][0][0][0][0][0][0][0][0][0][0][0][0][0][0][0][0][0][0][0][0][0][0][0][0][0][0][0][0][0][0][0][0][0][0][0][0][0][0][0][0][0][0][0][0][0][0][0][0][0][0][0][0][0][0][0][0][0][0][0][0][0][0][0][0][0][0][0][0][0][0][0][0][0][0][0][0][0][0][0][0][0][0][0][0][0][a][a][0][0][0][0][0][0][0][0][0][0][0][0][0][0][0][0][0][0][0][0][0][0][0][0][0][0][0][0][0][0][0][0][0][0][0][0][0][0][0][0][0][0][0][0][0][0][0][0][0][0][0][0][0][0][0][0][0][0][0][0][0][0][0][0][0][0][0][0][0][0][0][0][0][0][0][0][0][0][0][0][0][0][0][0][0][0][0][0]
[0][m][0][0][0][0][0][0][0][0][0][0][0][0][0][0][0][0][0][m][m][m][m][0][0][0][0][0][0][0][0][0][0][0][0][0][0][0][0][0][0][0][0][0][0][0][0][0][0][0][0][0][0][0][0][0][0][0][0][0][m][m][m][m][m][m][0][0][0][0][0][0][0][0][0][0][0][0][0][0][0][0][0][0][0][0][0][0][0][0][0][0][0][0][0][0][0][0][0][0][0][0][0][0][0][0][0][0][0][w][m][m][0][0][0][0][0][0][0][0][m][m][m][m][m][o][m][m][o][0][0][0][0][0][0][0][0][0][0][0][0][0][0][0][0][0][0][0][0][0][0][0][0][0][0][0][r][r][0][0][0][0][0][0][0][0][0][0][0][0][0][0][0][0][0][0][0][0][0][0][0][0][0][0][0][0][0][0][0][0][0][0][0][0][0][0][0][0][0][0]
[0][0][0][0][0][0][0][0][0][0][0][0][0][0][0][0][0][0][0][0][0][0][0][0][0][0][0][0][0][0][0][0][0][0][0][0][0][0][0][0][0][0][0][0][0][0][0][0][0][0][0][0][0][0][0][0][0][0][0][0][0][0][0][0][0][0][0][0][0][0][0][0][0][0][0][0][0][0][0][0][0][0][0][0][0][0][0][0][a][a][a][a][0][0][0][0][0][0][0][0][0][0][0][0][0][0][0][0][0][0][0][0][0][0][0][0][0][0][0][0][0][0][0][0][0][0][0][0][0][0][0][0][0][0][0][0][0][0][0][0][0][0][0][0][0][0][0][0][0][0][0][0][0][0][0][0][r][r][0][0][0][0][0][0][0][0][0][0][0][0][0][m][0][0][0][0][0][0][0][0][0][0][0][0][0][0][0][0][0][0][0][0][0][0][0][0][0][0][0][a]
[K][0][0][0][0][0][0][0][0][0][0][0][0][0][0][0][0][0][0][0][0][0][0][0][0][0][0][0][0][0][0][0][0][0][0][t][T][0][0][0][0][0][0][0][0][0][0][0][0][0][0][0][0][0][0][0][0][0][0][0][0][0][0][0][0][0][0][0][0][0][0][0][0][0][0][0][0][0][0][0][0][0][0][0][0][0][0][0][0][0][0][0][0][0][0][0][0][0][0][0][0][0][0][0][0][N][0][0][0][0][0][0][0][0][0][0][0][0][0][0][0][0][0][0][0][0][0][0][0][0][0][0][0][0][0][0][0][0][0][0][0][0][0][0][0][0][0][0][0][0][0][0][0][0][r][0][r][r][0][0][0][0][0][0][0][0][0][0][0][0][0][0][0][0][0][0][0][0][0][0][0][0][0][t][T][0][0][0][0][0][0][0][0][0][0][0][0][0][0][0]
[r][0][0][0][0][0][0][0][0][0][0][0][0][0][0][0][0][0][0][0][0][0][0][0][0][0][0][0][0][0][0][0][0][0][0][t][T][0][0][0][0][0][0][0][0][0][0][0][0][0][0][0][0][0][0][0][0][e][0][0][a][a][0][0][0][0][0][0][0][0][0][0][0][0][0][0][0][0][0][0][0][0][0][0][0][0][0][0][0][0][0][0][0][0][0][l][0][0][0][0][0][0][0][0][0][0][0][0][0][0][0][0][0][m][m][m][0][0][0][0][a][a][0][0][0][N][0][0][0][0][0][0][0][0][0][0][0][0][0][0][0][0][0][t][T][0][0][0][0][0][0][0][0][0][r][0][r][r][0][0][0][0][0][0][0][0][0][0][0][0][0][0][0][0][0][0][0][0][0][0][0][0][0][t][T][0][0][0][0][0][0][0][0][0][0][0][0][0][0][0]
[r][0][0][m][m][0][0][0][0][0][0][0][0][0][0][0][0][0][0][0][0][0][0][0][r][0][0][0][0][0][0][0][0][0][0][r][r][0][0][0][0][0][0][0][0][0][0][0][0][0][0][0][0][0][0][0][0][r][0][0][m][m][m][m][m][m][0][0][0][0][0][0][0][0][0][0][0][0][0][0][0][0][0][0][0][t][T][0][0][0][0][0][0][0][0][0][0][0][0][0][0][0][0][o][o][o][o][0][l][0][0][0][0][0][0][0][0][0][0][0][m][m][m][m][m][m][m][m][m][0][0][0][0][0][0][0][0][m][w][0][0][0][0][t][T][0][0][0][0][0][0][r][r][0][r][0][r][r][0][0][o][0][0][0][0][0][0][0][0][0][0][0][0][0][0][0][0][0][0][0][0][0][0][t][T][0][0][0][0][0][0][0][0][0][0][0][t][T][0][0]
[r][0][0][0][0][0][0][0][0][0][0][0][0][0][0][0][0][0][0][0][0][0][0][0][r][0][0][0][0][0][t][T][0][0][0][0][0][0][0][0][0][0][0][0][0][0][0][0][0][0][0][0][0][0][0][0][r][r][0][0][0][0][0][0][0][0][0][0][0][0][c][0][0][0][0][0][0][0][0][0][0][0][0][0][0][t][T][0][0][t][T][0][0][0][0][0][0][t][T][0][0][0][0][0][0][0][0][0][0][0][0][0][0][0][0][0][0][0][0][0][0][0][0][0][0][0][0][0][0][0][0][0][0][0][0][0][0][0][0][0][0][0][0][t][T][0][0][0][0][0][r][r][r][0][r][0][r][r][0][0][0][0][0][0][0][0][0][0][0][0][0][0][0][0][0][0][0][0][0][0][0][0][0][t][T][0][0][0][0][0][0][0][0][0][0][0][t][T][0][0]
[r][0][0][0][0][0][0][0][0][0][0][0][0][0][0][0][0][0][0][0][0][0][0][0][r][0][0][0][0][0][t][T][0][0][0][0][0][0][c][0][0][0][0][0][0][0][0][0][0][0][0][0][0][0][0][r][r][r][0][0][0][0][0][0][0][0][0][0][0][0][0][0][0][0][0][0][0][0][0][0][0][0][0][0][r][t][T][0][0][t][T][0][0][0][0][0][0][t][T][0][0][0][0][0][0][0][0][0][0][0][0][0][0][0][0][0][0][0][0][0][0][0][0][0][0][0][0][0][0][0][0][0][0][0][0][0][0][0][0][0][0][0][0][t][T][0][0][0][0][r][r][r][r][0][r][0][r][r][0][0][0][0][0][0][0][0][0][0][0][0][0][r][0][0][0][0][0][0][0][0][t][T][0][t][T][0][0][0][0][0][0][0][0][0][0][0][t][T][0][0]
[r][0][0][0][0][0][0][0][0][0][0][0][0][e][e][e][e][e][e][0][0][0][K][0][r][0][0][0][0][0][t][T][0][0][0][0][0][0][0][0][0][0][0][0][0][0][0][0][0][0][0][0][0][0][r][r][r][r][0][0][0][0][0][0][0][0][v][0][v][0][0][0][0][e][e][0][0][0][0][0][0][0][0][r][r][t][T][0][0][t][T][0][0][0][0][0][v][t][T][0][0][0][0][0][0][0][0][0][0][0][0][0][0][a][a][0][0][0][0][0][0][0][0][0][0][0][0][0][0][0][0][0][0][0][0][0][0][0][0][0][v][v][0][t][T][0][0][0][r][r][r][r][r][0][r][0][r][r][0][0][0][k][0][0][0][0][0][0][0][0][0][r][0][0][0][0][0][0][0][0][t][T][0][t][T][0][0][0][0][0][0][0][0][0][0][e][t][T][0][0#]
[g][g][0][g][g][g][g][g][g][g][g][g][g][g][g][g][g][g][g][g][g][g][g][g][g][g][g][g][0][0][g][g][g][g][g][g][g][g][g][g][g][g][g][g][g][g][0][0][g][g][g][g][g][g][g][g][g][g][0][0][g][g][g][g][g][g][g][g][g][g][g][g][g][g][g][g][g][g][g][g][g][g][g][g][g][g][g][g][g][g][g][g][g][g][g][g][g][g][g][g][g][g][g][g][g][g][g][g][g][g][g][g][g][g][g][g][0][0][0][0][g][g][g][g][g][g][g][g][g][g][0][g][g][g][g][g][g][g][g][g][g][g][g][g][g][g][g][g][g][g][g][g][g][0][g][0][g][g][g][g][g][g][g][g][g][g][g][g][g][0][g][g][g][0][g][g][g][g][g][g][g][g][g][g][g][g][g][g][g][g][g][g][g][g][g][g][g][g][g][g]
[g][g][0][g][g][g][g][g][g][g][g][g][g][g][g][g][g][g][g][g][g][g][g][g][g][g][g][g][0][0][g][g][g][g][g][g][g][g][g][g][g][g][g][g][g][g][0][0][g][g][g][g][g][g][g][g][g][g][0][0][g][g][g][g][g][g][g][g][g][g][g][g][g][g][g][g][g][g][g][g][g][g][g][g][g][g][g][g][g][g][g][g][g][g][g][g][g][g][g][g][g][g][g][g][g][g][g][g][g][g][g][g][g][g][g][g][0][0][0][0][g][g][g][g][g][g][g][g][g][g][0][g][g][g][g][g][g][g][g][g][g][g][g][g][g][g][g][g][g][g][g][g][g][0][g][0][g][g][g][g][g][g][g][g][g][g][g][g][g][0][g][g][g][0][g][g][g][g][g][g][g][g][g][g][g][g][g][g][g][g][g][g][g][g][g][g][g][g][g][g]

