HEIGHT=15;WIDTH=200
[0][0][0][0][0][0][0][0][0][0][0][0][0][0][0][0][0][0][0][0][0][0][0][0][0][0][0][0][0][0][0][0][0][0][0][0][0][0][0][0][0][0][0][0][0][0][0][0][0][0][0][0][0][0][0][0][0][0][0][0][0][0][0][0][0][0][0][0][0][0][0][0][0][0][0][0][0][0][0][0][0][0][0][0][0][0][0][0][0][0][0][0][0][0][0][0][0][0][0][0][0][0][0][0][0][0][0][0][0][0][0][0][0][0][0][0][0][0][0][0][0][0][0][0][0][0][0][0][0][0][0][0][0][0][0][0][0][0][0][0][0][0][0][0][0][0][0][0][0][0][0][0][0][0][0][0][0][0][0][0][0][0][0][0][0][0][0][0][0][0][0][0][0][0][0][0][0][0][0][0][0][0][0][0][0][0][0][0][0][0][0][0][0][0][0][0][0][0][0][0]
[0][0][0][0][0][0][0][0][0][0][0][0][0][0][0][0][0][0][0][0][0][0][0][0][0][0][0][0][0][0][0][0][0][0][0][0][0][0][0][0][0][0][0][0][0][0][0][0][0][0][0][0][0][0][0][0][0][0][0][0][0][0][0][0][0][0][0][0][0][0][0][0][0][0][0][0][0][0][0][0][0][0][0][0][0][0][0][0][0][0][0][0][0][0][0][0][0][0][0][0][0][0][0][0][0][0][0][0][0][0][0][0][0][0][0][0][0][0][0][0][0][0][0][0][0][0][0][0][0][0][0][0][0][0][0][0][0][0][0][0][0][0][0][0][0][0][0][0][0][0][0][0][0][0][0][0][0][0][0][0][0][0][0][0][0][0][0][0][0][0][0][0][0][0][0][0][0][0][0][0][0][0][0][0][0][0][0][0][0][0][0][0][0][0][0][0][0][0][0][0]
[0][0][0][0][0][0][0][0][0][0][0][0][0][0][0][0][0][0][0][0][0][0][0][0][0][0][0][0][0][0][0][0][0][0][0][0][0][0][0][0][0][0][0][0][0][0][0][0][0][0][0][0][0][0][0][w][0][0][0][0][0][0][0][0][0][0][0][0][0][0][0][0][0][0][0][0][0][0][0][0][0][0][0][0][0][0][0][0][0][0][0][0][0][0][0][0][0][0][0][0][0][0][0][0][0][0][0][0][0][0][0][0][0][0][0][0][0][0][0][0][0][0][0][0][0][0][0][0][0][0][0][0][0][0][0][0][0][0][0][0][0][0][0][0][0][0][0][0][0][0][0][0][0][0][0][0][0][0][0][0][0][0][0][0][0][0][0][0][0][0][0][0][0][0][0][0][0][0][0][0][0][0][0][0][0][0][0][0][0][0][0][0][0][0][0][0][0][0][0][0]
[0][0][0][0][0][0][0][0][0][0][0][0][0][0][0][0][0][0][0][0][0][0][0][0][0][0][0][0][0][0][0][0][0][0][0][0][0][0][0][0][0][0][0][0][0][0][0][0][0][0][0][0][0][0][0][0][0][0][0][0][0][0][0][0][0][0][0][0][0][0][0][0][0][0][0][0][0][0][0][0][0][0][0][0][0][0][0][0][0][0][0][0][0][0][0][0][0][0][0][0][0][0][0][0][0][0][0][0][0][0][0][0][0][0][0][0][0][0][0][0][0][0][0][0][0][0][0][0][0][0][0][0][0][0][0][0][0][0][0][0][0][0][0][0][0][0][0][0][0][0][0][0][0][0][0][0][0][0][0][0][0][0][0][0][0][0][0][0][0][0][0][0][0][0][0][0][0][0][0][0][0][0][0][0][0][0][0][0][0][0][0][0][0][0][0][0][0][0][0][0]
[0][0][0][0][0][0][0][0][0][d][0][0][0][0][0][0][0][0][0][0][0][0][0][0][0][0][0][0][0][0][0][0][0][0][0][0][0][0][0][0][0][0][0][0][0][0][0][0][0][0][0][0][0][0][0][0][0][0][0][0][0][0][0][0][0][0][0][0][0][0][0][0][0][0][0][0][0][0][0][0][0][0][0][0][0][0][0][0][0][0][0][0][0][0][0][0][0][0][0][0][0][0][0][0][0][0][0][0][0][0][0][0][0][0][0][0][0][0][0][0][0][0][0][0][0][0][0][0][0][0][0][0][0][0][0][0][0][0][0][0][0][0][0][0][0][0][0][0][0][0][0][0][0][0][0][0][0][0][0][0][0][0][0][0][0][0][0][0][0][0][0][0][0][0][0][0][0][0][0][0][0][0][0][0][0][0][0][0][0][0][0][0][0][0][0][0][0][0][0][0]
[0][0][0][w][m][m][m][m][m][m][0][0][0][0][0][0][0][0][0][0][0][0][0][0][0][0][0][0][0][0][0][0][0][0][0][0][0][w][m][m][m][m][m][m][m][m][w][0][0][0][0][0][0][0][0][0][0][0][0][0][0][0][0][0][0][0][0][0][0][0][0][0][0][0][0][0][0][0][0][0][m][m][o][0][0][0][0][0][0][0][0][m][m][m][m][0][0][m][w][m][0][0][0][0][r][r][0][0][0][0][0][0][0][0][0][0][0][0][0][0][0][0][0][0][0][0][0][0][0][0][0][0][0][0][0][0][0][0][0][0][0][0][0][0][0][0][0][0][0][0][0][0][0][0][0][0][0][0][0][0][0][0][0][0][0][0][0][0][0][0][0][0][0][m][o][o][m][0][0][0][0][0][0][0][0][0][0][0][0][0][0][0][0][0][0][0][0][0][0][0]
[0][0][0][0][0][0][0][0][0][0][0][0][0][0][0][0][0][0][0][0][0][0][0][0][0][0][0][0][0][0][0][0][0][0][0][0][0][0][0][0][0][0][0][0][0][0][0][0][0][0][0][0][0][0][0][0][0][m][m][0][0][0][0][0][0][0][0][0][0][0][0][0][0][0][0][0][0][0][0][0][0][0][0][0][0][0][0][0][0][0][0][0][0][0][0][0][0][0][0][0][0][0][0][0][0][0][0][0][0][0][0][0][0][0][0][0][0][0][0][0][0][0][0][0][0][0][0][0][0][0][0][0][0][0][0][0][0][0][0][0][a][a][a][a][0][0][0][0][0][0][0][0][0][0][0][0][a][a][a][0][0][0][0][0][0][0][0][0][0][0][0][0][0][0][0][0][0][0][0][0][0][0][0][0][0][0][0][0][0][0][0][0][0][0][0][0][0][0][0][0]
[0][0][0][0][0][0][0][0][0][0][0][0][0][0][0][0][0][0][0][0][0][0][0][0][0][0][0][r][0][0][0][0][0][0][0][0][0][0][0][0][0][0][0][0][0][0][0][0][0][0][0][0][0][0][0][0][0][0][0][0][0][0][r][m][m][0][0][0][0][0][0][0][0][0][0][0][0][0][0][0][0][0][0][0][0][0][0][0][0][0][0][0][0][0][0][0][0][0][0][0][0][0][r][0][0][0][0][0][0][0][0][0][0][0][0][0][0][0][0][0][0][0][0][0][0][0][0][0][0][0][0][0][0][0][0][0][0][0][0][0][0][0][0][0][0][0][0][0][0][0][0][0][0][0][0][0][0][0][0][0][0][0][0][0][0][0][0][0][0][0][0][0][0][0][0][0][0][0][0][0][0][0][0][0][0][0][0][0][0][0][0][0][0][0][0][0][0][0][0][0]
[0][0][0][0][0][0][0][0][0][0][0][0][0][0][0][0][0][0][0][0][0][0][0][0][0][0][r][r][0][0][0][0][0][0][0][0][0][0][0][0][0][0][0][0][0][0][0][0][0][0][0][0][0][m][m][0][0][0][0][0][0][r][r][0][0][0][0][0][0][0][0][0][0][0][0][0][0][0][0][0][0][0][0][0][0][0][0][0][0][0][0][0][0][0][0][0][0][0][0][0][0][0][0][0][0][0][0][0][0][0][0][0][0][0][0][0][0][0][0][0][0][0][0][0][0][0][0][0][0][0][0][0][0][0][0][0][0][0][0][0][0][0][0][0][0][0][0][0][0][0][0][0][0][0][0][0][0][0][0][0][0][0][0][0][0][0][0][0][0][0][0][0][0][0][0][0][0][0][0][0][0][0][0][0][0][0][0][0][0][0][0][0][0][0][0][0][0][0][0][0]
[0][r][0][0][0][0][0][0][0][0][0][0][0][0][0][0][0][0][0][0][0][0][0][0][0][0][r][r][0][0][0][r][0][0][0][0][m][0][0][0][0][0][0][0][0][0][o][0][0][0][0][0][0][0][0][0][0][0][0][0][r][r][r][0][0][m][w][0][0][0][0][0][0][0][0][0][0][0][0][0][0][0][w][0][0][0][0][0][0][0][0][0][0][0][0][0][r][r][r][r][r][0][0][0][0][0][0][0][0][0][0][0][0][0][0][0][0][r][0][0][0][0][0][0][0][0][0][0][0][0][0][0][0][t][T][0][0][t][T][0][0][0][0][0][0][0][0][0][0][0][0][0][0][t][T][0][0][0][0][0][0][0][0][0][0][0][0][r][0][0][0][0][0][0][m][m][0][0][t][T][0][0][0][0][0][0][0][0][0][0][0][0][0][0][0][0][0][0][0][0]
[0][r][0][0][0][0][0][0][0][0][0][0][0][0][0][0][0][0][0][0][0][0][0][0][r][0][r][r][0][0][0][r][r][0][0][0][0][0][0][0][0][0][0][0][t][T][0][0][0][0][0][0][0][0][0][0][0][0][0][r][r][r][r][0][0][0][0][0][0][0][0][0][0][0][0][0][0][0][0][0][0][0][0][0][0][0][0][0][0][0][0][0][0][0][0][0][r][0][0][0][0][0][0][0][0][0][0][0][0][0][0][0][0][0][0][0][0][r][r][0][0][0][0][0][0][0][0][0][0][0][0][0][0][t][T][0][0][t][T][0][0][t][T][0][0][0][0][0][0][0][0][0][0][t][T][0][0][0][0][0][0][0][0][0][0][0][0][r][0][0][0][0][0][0][0][0][0][0][t][T][0][0][0][0][0][0][0][0][0][0][0][0][0][0][0][0][0][0][0][0]
[0][r][r][0][0][0][0][0][0][0][0][0][0][0][0][0][0][0][0][0][0][0][0][r][r][0][r][r][0][0][0][r][r][r][0][0][0][0][0][0][0][0][0][0][t][T][0][0][0][0][0][0][0][0][0][0][0][0][r][r][r][r][r][0][0][0][m][m][m][0][0][0][0][0][0][0][0][0][0][0][0][0][0][0][0][0][0][0][0][0][0][0][0][0][0][0][r][0][0][0][0][0][0][0][0][0][0][0][0][0][0][0][0][0][0][0][0][r][r][r][0][0][0][0][0][0][0][0][0][0][0][0][0][t][T][0][0][t][T][0][0][t][T][0][0][0][0][0][0][0][0][0][0][t][T][0][0][0][0][0][0][0][0][0][0][0][0][r][r][0][0][0][0][0][0][0][0][0][t][T][0][0][0][0][0][0][0][0][0][0][0][0][0][0][0][0][0][0][0][0]
[0][r][r][0][0][0][0][e][e][0][0][0][0][0][0][0][0][0][0][0][0][0][0][0][0][0][r][r][0][0][0][r][r][r][r][0][e][e][e][0][0][0][0][0][t][T][0][0][0][0][0][0][0][0][0][Y][0][r][r][r][r][r][r][0][0][0][0][0][0][0][0][0][0][e][e][e][0][0][0][0][0][0][0][0][0][0][0][0][0][0][0][0][0][0][K][0][r][0][0][0][0][0][0][0][0][0][0][0][0][0][0][0][0][0][0][0][0][r][r][r][r][0][0][0][0][0][0][0][0][0][0][0][0][t][T][0][0][t][T][0][0][t][T][0][0][0][0][0][0][0][0][0][0][t][T][0][0][0][0][0][0][0][0][0][k][k][k][r][r][0][0][0][0][e][e][0][0][0][t][T][0][0][0][0][0][0][0][0][0][e][e][0][0][0][0][0][0][0][0][0#]
[g][g][g][g][g][g][g][g][g][g][g][g][g][g][g][g][g][g][g][g][g][g][g][g][g][g][g][g][g][0][0][g][g][g][g][g][g][g][g][g][g][g][g][g][g][g][g][g][g][g][g][g][g][g][g][g][0][g][g][g][g][g][g][0][0][0][0][0][0][g][g][g][g][g][g][g][g][g][g][g][g][g][g][g][g][g][g][g][g][g][g][g][g][g][g][g][g][g][g][0][0][0][0][0][0][0][0][0][g][0][g][0][0][g][g][g][g][g][g][g][g][g][g][g][g][g][g][g][g][g][g][g][g][g][g][g][g][g][g][g][g][g][g][g][g][g][g][g][g][g][g][g][g][g][g][g][g][g][g][g][g][g][g][g][g][g][g][g][g][g][g][g][g][g][g][g][g][g][g][g][g][g][g][g][g][g][g][g][g][g][g][g][g][g][g][g][g][g][g][g]
[g][g][g][g][g][g][g][g][g][g][g][g][g][g][g][g][g][g][g][g][g][g][g][g][g][g][g][g][g][0][0][g][g][g][g][g][g][g][g][g][g][g][g][g][g][g][g][g][g][g][g][g][g][g][g][g][0][g][g][g][g][g][g][0][0][0][0][0][0][g][g][g][g][g][g][g][g][g][g][g][g][g][g][g][g][g][g][g][g][g][g][g][g][g][g][g][g][g][g][0][0][0][0][0][0][0][0][0][g][0][g][0][0][g][g][g][g][g][g][g][g][g][g][g][g][g][g][g][g][g][g][g][g][g][g][g][g][g][g][g][g][g][g][g][g][g][g][g][g][g][g][g][g][g][g][g][g][g][g][g][g][g][g][g][g][g][g][g][g][g][g][g][g][g][g][g][g][g][g][g][g][g][g][g][g][g][g][g][g][g][g][g][g][g][g][g][g][g][g][g]

