HEIGHT=15;WIDTH=200
[0][0][0][0][0][0][0][0][0][0][0][0][0][0][0][0][0][0][0][0][0][0][0][0][0][0][0][0][0][0][0][0][0][0][0][0][0][0][0][0][0][0][0][0][0][0][0][0][0][0][0][0][0][0][0][0][0][0][0][0][0][0][0][0][0][0][0][0][0][0][0][0][0][0][0][0][0][0][0][0][0][0][0][0][0][0][0][0][0][0][0][0][0][0][0][0][0][0][0][0][0][0][0][0][0][0][0][0][0][0][0][0][0][0][0][0][0][0][0][0][0][0][0][0][0][0][0][0][0][0][0][0][0][0][0][0][0][0][0][0][0][0][0][0][0][0][0][0][0][0][0][0][0][0][0][0][0][0][0][0][0][0][0][0][0][0][0][0][0][0][0][0][0][0][0][0][0][0][0][0][0][0][0][0][0][0][0][0][0][0][0][0][0][0][0][0][0][0][0][0]
[0][0][0][0][0][0][0][0][0][0][0][0][0][0][0][0][0][0][0][0][0][0][0][0][0][0][0][0][0][0][0][0][0][0][0][0][0][0][0][0][0][0][0][0][0][0][0][0][0][0][0][0][0][0][0][0][0][0][0][0][0][0][0][0][0][0][0][0][0][0][0][0][0][0][0][0][0][0][0][0][0][0][0][0][0][0][0][0][0][0][0][0][0][0][0][0][0][0][0][0][0][0][0][0][0][0][0][0][0][0][0][0][0][0][0][0][0][0][0][0][0][0][0][0][0][0][0][0][0][0][0][0][0][0][0][0][0][0][0][0][0][0][0][0][0][0][0][0][0][0][0][0][0][0][0][0][0][0][0][0][0][0][0][0][0][0][0][0][0][0][0][0][0][0][0][0][0][0][0][0][0][0][0][0][0][0][0][0][0][0][0][0][0][0][0][0][0][0][0][0]
[0][0][0][0][0][0][0][0][0][0][0][0][0][0][0][0][0][0][0][0][0][0][0][0][0][0][0][0][0][0][0][0][0][0][0][0][0][0][0][0][0][0][0][0][0][0][0][0][0][0][0][0][0][0][0][0][0][0][0][0][0][0][0][0][0][0][0][0][0][0][0][0][0][0][0][0][0][0][0][0][0][0][0][0][0][0][0][0][0][0][0][0][0][0][0][0][0][0][0][0][0][0][0][0][0][0][0][0][0][0][0][0][0][0][0][0][0][0][0][0][0][0][0][0][0][0][0][0][0][0][0][0][0][0][0][0][0][0][0][0][0][0][0][0][0][0][0][0][0][0][0][0][0][0][0][0][0][0][0][0][0][0][0][0][0][0][0][0][0][0][0][0][0][0][0][0][0][0][0][0][0][0][0][0][0][0][0][0][0][0][0][0][0][0][0][0][0][0][0][0]
[0][0][0][0][0][0][0][0][0][0][0][0][0][0][0][0][0][0][0][0][0][0][0][0][0][0][0][0][0][0][0][0][0][0][0][0][0][0][0][0][0][0][0][0][0][0][0][0][0][0][0][0][0][0][0][0][0][0][0][0][0][0][0][0][0][0][0][0][0][0][0][0][0][0][0][0][0][0][0][0][0][0][0][0][0][0][0][0][0][0][0][0][0][0][0][0][0][0][0][0][0][0][0][0][0][0][0][0][0][0][0][0][0][0][0][0][0][0][0][0][0][0][0][0][0][0][0][0][0][0][0][0][0][0][0][0][0][0][0][0][0][0][0][0][0][0][0][0][0][0][0][0][0][0][0][0][0][0][0][0][0][0][0][0][0][0][0][0][0][0][0][0][0][0][0][0][0][0][0][0][0][0][0][0][0][0][0][0][0][0][0][0][0][0][0][0][0][0][0][0]
[0][0][0][0][0][0][0][0][0][0][0][0][0][0][0][0][0][0][0][0][0][0][0][0][0][0][0][0][0][0][0][0][0][0][0][0][0][0][0][0][0][0][0][0][0][0][0][0][0][0][0][0][0][0][0][0][0][0][0][0][0][0][0][0][0][0][0][0][0][0][0][0][0][0][0][0][0][0][0][0][0][0][0][0][0][0][0][0][0][0][0][0][0][0][0][0][0][0][0][0][0][0][0][0][0][0][0][0][0][0][0][0][0][0][0][0][0][0][0][0][0][0][0][0][0][0][0][0][0][0][0][0][0][0][0][0][0][0][0][0][0][0][0][0][0][0][0][0][0][0][0][0][0][0][0][0][0][0][0][0][0][0][0][0][0][0][0][0][0][0][0][0][0][0][0][0][0][0][0][0][0][0][0][0][0][0][0][0][0][0][0][0][0][0][0][0][0][0][0][0]
[0][0][0][0][0][0][0][0][0][0][0][0][0][0][0][0][0][0][0][0][0][0][0][0][0][0][0][0][0][0][0][0][0][0][0][0][0][0][0][0][0][0][0][0][0][0][0][0][0][0][0][0][0][0][0][0][0][0][0][0][r][r][0][0][0][0][0][0][0][0][0][0][0][0][0][0][0][0][0][0][0][m][m][o][m][m][m][0][0][0][0][0][0][0][0][0][0][0][0][0][0][0][0][r][r][0][0][0][0][0][0][0][0][0][0][0][0][0][0][0][0][0][0][0][0][0][0][0][0][0][0][0][0][0][0][0][0][0][0][0][0][0][0][0][0][0][0][0][0][0][0][0][0][0][0][0][0][0][0][0][0][0][0][0][0][0][0][0][0][0][0][0][0][0][0][0][0][0][0][0][0][0][0][0][0][0][0][0][0][0][0][0][0][0][0][0][0][0][0][0]
[0][0][0][0][0][0][0][0][0][0][0][0][0][0][0][0][0][0][0][0][0][0][0][0][0][0][0][0][0][0][0][0][0][0][0][0][0][0][0][0][0][0][0][0][0][0][0][t][T][0][0][0][0][0][0][0][0][0][0][0][0][0][0][0][0][0][0][0][0][0][0][0][0][0][0][0][0][0][0][0][0][0][0][0][0][0][0][0][0][0][0][0][0][0][0][0][0][0][0][0][0][0][0][r][r][0][0][0][0][0][0][0][0][0][0][0][0][0][0][0][0][0][0][0][0][0][0][0][0][0][0][0][0][0][0][0][0][0][0][0][0][0][0][0][0][0][0][0][0][0][0][0][0][0][0][0][0][0][0][0][0][0][0][0][0][0][0][0][0][0][0][0][0][0][0][0][0][0][0][0][0][0][0][0][0][0][0][0][0][0][0][0][0][0][0][0][t][T][0][0]
[0][0][0][0][0][0][0][0][0][0][0][0][0][0][0][0][0][0][0][0][0][0][0][0][0][0][0][0][0][0][0][0][0][0][0][0][0][0][0][0][0][0][0][0][0][0][0][t][T][0][0][0][0][0][0][0][0][0][r][0][0][0][0][0][0][0][0][0][0][0][0][0][0][0][0][0][0][0][0][0][0][0][0][0][0][0][0][0][0][0][0][0][0][0][0][0][0][0][0][0][0][0][0][r][r][0][0][0][0][0][0][0][0][0][0][0][0][0][0][0][0][0][0][0][0][0][0][0][0][0][0][0][0][0][0][0][0][0][0][0][0][0][0][0][0][0][0][0][0][0][0][0][0][0][0][0][0][0][0][0][0][0][0][0][0][0][0][0][0][0][0][0][0][0][0][0][0][0][0][0][0][0][0][0][0][0][0][0][0][0][0][0][0][0][0][0][t][T][0][0]
[0][0][0][0][0][0][0][0][0][0][0][0][0][0][0][0][0][0][0][0][0][0][0][0][0][0][0][0][0][0][0][0][0][0][0][0][0][0][0][0][0][0][0][0][r][0][0][t][T][0][0][0][0][0][0][0][0][0][0][0][0][0][0][0][0][0][0][0][0][0][0][0][0][0][r][0][0][0][0][0][0][0][0][N][0][0][0][0][0][0][0][0][0][0][0][0][0][0][0][0][0][0][0][r][r][0][0][0][0][0][0][0][0][0][0][0][0][0][0][0][0][0][0][0][0][0][0][0][0][0][0][0][0][0][0][0][0][0][0][0][0][0][0][0][0][0][0][0][0][0][0][0][0][0][0][0][0][0][0][0][0][0][0][0][0][0][0][0][0][0][0][0][0][t][T][0][0][0][0][0][0][0][0][0][0][0][0][0][0][0][0][0][0][0][0][0][r][r][0][0]
[0][0][0][0][0][0][0][0][0][a][a][a][a][0][0][t][T][0][0][0][0][0][0][0][0][0][0][0][0][0][0][0][0][0][0][0][0][0][0][0][0][0][0][r][r][0][0][r][r][0][0][0][0][0][0][0][r][0][0][0][0][0][0][0][0][0][0][o][0][0][0][0][0][r][r][0][0][m][m][0][0][m][m][m][m][m][m][0][0][0][0][0][0][0][0][0][0][0][t][T][0][0][0][r][r][0][0][0][0][0][0][0][0][0][0][0][0][0][0][0][0][0][0][0][0][0][0][0][0][0][0][0][0][0][0][0][0][0][0][0][0][0][0][0][0][0][0][0][0][0][0][0][0][0][0][0][0][0][0][0][0][0][0][o][0][0][0][0][0][0][0][0][0][t][T][0][0][0][0][0][0][0][0][0][0][0][0][0][0][r][0][0][0][0][0][0][0][0][0][0]
[0][0][0][0][0][0][0][0][0][0][0][0][0][0][0][t][T][0][0][0][0][0][0][0][0][0][0][r][0][0][0][0][0][0][0][0][0][0][0][0][0][0][r][r][r][0][0][0][0][0][0][0][0][0][0][0][0][0][0][0][0][0][0][0][0][0][0][0][0][0][0][0][r][r][r][0][0][0][0][0][0][0][0][0][0][0][0][0][0][0][0][0][0][0][0][0][0][0][t][T][0][0][0][r][r][0][0][0][0][0][0][0][0][0][0][0][0][0][0][0][0][0][0][0][0][0][0][0][0][0][0][0][0][0][0][0][0][0][0][0][0][0][r][0][t][T][0][0][0][0][0][0][0][0][0][0][0][0][0][0][0][0][0][0][0][0][0][0][0][0][0][0][0][t][T][0][0][0][0][0][0][c][0][0][0][0][0][0][0][r][0][0][0][0][0][0][0][0][0][0]
[0][0][0][0][0][0][0][0][0][0][0][0][0][0][0][t][T][0][0][0][0][0][0][0][0][0][0][r][0][0][0][0][0][0][0][0][0][0][0][0][0][r][r][r][r][0][0][0][0][0][0][0][0][0][r][0][0][0][0][0][0][0][0][0][0][0][0][0][0][0][0][r][r][r][r][0][0][0][0][0][0][0][0][0][0][0][0][0][0][0][0][0][0][0][0][0][0][0][t][T][0][0][0][r][r][0][0][0][0][0][0][0][0][0][0][0][0][0][0][0][0][0][0][0][0][0][0][0][0][0][0][0][0][0][0][0][0][0][0][0][0][r][r][0][t][T][0][0][0][0][0][t][T][0][0][0][0][0][0][0][0][0][0][0][0][0][0][0][0][0][0][0][0][t][T][0][0][0][0][0][0][0][0][0][0][0][0][0][0][r][r][0][0][0][0][0][0][0][0][t]
[0][0][0][0][0][K][0][0][0][0][0][0][0][0][0][t][T][0][0][0][0][0][0][0][0][0][0][r][0][0][0][0][0][0][0][0][0][0][0][0][r][r][r][r][r][0][0][0][0][e][e][e][0][0][0][0][0][0][0][0][0][0][0][0][0][0][0][0][0][0][r][r][r][r][r][0][0][0][0][0][0][0][0][0][0][0][0][0][0][0][0][0][e][e][0][0][0][0][t][T][0][0][0][r][r][0][0][0][0][0][0][0][0][K][0][0][0][0][0][0][0][0][0][0][0][0][0][0][0][0][0][0][0][0][0][0][0][e][e][0][r][r][r][0][t][T][e][0][0][0][0][t][T][0][0][0][0][0][0][0][0][0][0][0][0][0][v][0][v][v][v][v][0][t][T][0][0][0][0][K][0][0][0][0][0][k][k][k][k][r][r][0][0][0][0][0][0][0][0][t#]
[g][g][g][g][g][g][g][g][g][g][g][g][g][g][g][g][g][g][g][g][g][g][0][0][0][0][0][g][g][g][g][g][g][0][g][g][g][g][g][g][g][g][g][g][g][g][g][g][g][g][g][g][g][0][0][0][0][0][0][0][0][0][0][0][g][g][g][g][g][g][g][g][g][g][g][0][0][0][0][0][g][g][g][g][g][g][g][g][g][g][g][g][g][g][g][g][g][g][g][g][0][0][0][g][g][0][g][g][g][g][g][g][g][g][0][0][g][g][g][g][g][g][0][0][g][g][g][g][g][g][g][g][g][g][g][g][g][g][g][g][g][g][g][0][g][g][g][g][g][g][g][g][g][g][g][g][g][g][g][g][g][g][g][g][g][g][g][g][g][g][g][g][g][g][g][g][g][g][g][g][g][g][g][g][g][g][g][g][g][g][g][g][g][g][g][g][g][g][g][g]
[g][g][g][g][g][g][g][g][g][g][g][g][g][g][g][g][g][g][g][g][g][g][0][0][0][0][0][g][g][g][g][g][g][0][g][g][g][g][g][g][g][g][g][g][g][g][g][g][g][g][g][g][g][0][0][0][0][0][0][0][0][0][0][0][g][g][g][g][g][g][g][g][g][g][g][0][0][0][0][0][g][g][g][g][g][g][g][g][g][g][g][g][g][g][g][g][g][g][g][g][0][0][0][g][g][0][g][g][g][g][g][g][g][g][0][0][g][g][g][g][g][g][0][0][g][g][g][g][g][g][g][g][g][g][g][g][g][g][g][g][g][g][g][0][g][g][g][g][g][g][g][g][g][g][g][g][g][g][g][g][g][g][g][g][g][g][g][g][g][g][g][g][g][g][g][g][g][g][g][g][g][g][g][g][g][g][g][g][g][g][g][g][g][g][g][g][g][g][g][g]

