HEIGHT=15;WIDTH=200
[0][0][0][0][0][0][0][0][0][0][0][0][0][0][0][0][0][0][0][0][0][0][0][0][0][0][0][0][0][0][0][0][0][0][0][0][0][0][0][0][0][0][0][0][0][0][0][0][0][0][0][0][0][0][0][0][0][0][0][0][0][0][0][0][0][0][0][0][0][0][0][0][0][0][0][0][0][0][0][0][0][0][0][0][0][0][0][0][0][0][0][0][0][0][0][0][0][0][0][0][0][0][0][0][0][0][0][0][0][0][0][0][0][0][0][0][0][0][0][0][0][0][0][0][0][0][0][0][0][0][0][0][0][0][0][0][0][0][0][0][0][0][0][0][0][0][0][0][0][0][0][0][0][0][0][0][0][0][0][0][0][0][0][0][0][0][0][0][0][0][0][0][0][0][0][0][0][0][0][0][0][0][0][0][0][0][0][0][0][0][0][0][0][0][0][0][0][0][0][0]
[0][0][0][0][0][0][0][0][0][0][0][0][0][0][0][0][0][0][0][0][0][0][0][0][0][0][0][0][0][0][0][0][0][0][0][0][0][0][0][0][0][0][0][0][0][0][0][0][0][0][0][0][0][0][0][0][0][0][0][0][0][0][0][0][0][0][0][0][0][0][0][0][0][0][0][0][0][0][0][0][0][0][0][0][0][0][0][0][0][0][0][0][0][0][0][0][0][0][0][0][0][0][0][0][0][0][0][0][0][0][0][0][0][0][0][0][0][0][0][0][0][0][0][0][0][0][0][0][0][0][0][0][0][0][0][0][0][0][0][0][0][0][0][0][0][0][0][0][0][0][0][0][0][0][0][0][0][0][0][0][0][0][0][0][0][0][0][0][0][0][0][0][0][0][0][0][0][0][0][0][0][0][0][0][0][0][0][0][0][0][0][0][0][0][0][0][0][0][0][0]
[0][0][0][0][0][0][0][0][0][0][0][0][0][0][0][0][0][0][0][0][0][0][0][0][0][0][0][0][0][0][0][0][0][0][0][0][0][0][0][0][0][0][0][0][0][0][0][0][0][0][0][0][0][0][0][0][0][0][0][0][0][0][0][0][0][0][0][0][0][0][0][0][0][0][0][0][0][0][0][0][0][0][0][0][0][0][0][0][0][0][0][0][0][0][0][0][0][0][0][0][0][0][0][0][0][0][0][0][0][0][0][0][0][0][0][0][0][0][0][0][0][0][0][0][0][0][0][0][0][0][0][0][0][0][0][0][0][0][0][0][0][0][0][0][0][0][0][0][0][0][0][0][0][0][0][0][0][0][0][0][0][0][0][0][0][0][0][0][0][0][0][0][0][0][0][0][0][0][0][0][0][0][0][0][0][0][0][0][0][0][0][0][0][0][0][0][0][0][0][0]
[0][0][0][0][0][0][0][0][0][0][0][0][0][0][0][0][0][0][0][0][0][0][0][0][0][0][0][0][0][0][0][0][0][0][0][0][0][0][0][0][0][0][0][0][0][0][0][0][0][0][v][0][0][0][0][0][0][0][0][0][0][0][0][0][0][0][0][0][0][0][0][0][0][0][0][0][0][0][0][0][0][0][0][0][0][0][0][0][0][0][0][0][0][0][0][0][0][0][0][0][0][0][0][0][0][0][0][0][0][0][0][0][0][0][0][0][0][0][0][0][0][0][0][0][0][0][0][0][0][0][0][0][0][0][0][0][0][0][0][0][0][0][0][0][0][0][0][0][0][0][0][0][0][0][0][0][0][0][0][0][0][0][0][0][0][0][0][0][0][0][0][0][0][0][0][0][0][0][0][0][0][0][0][0][0][0][0][0][0][0][0][0][0][0][0][0][0][0][0][0]
[0][0][0][0][0][0][0][0][0][0][0][0][0][0][0][0][0][0][0][0][0][0][0][0][0][0][0][0][0][0][0][0][0][0][0][0][0][0][0][0][0][0][0][0][0][0][0][0][0][0][0][0][0][0][0][0][0][0][0][0][0][0][0][0][0][0][0][0][0][0][0][0][0][0][0][0][0][0][0][0][0][0][0][0][0][0][0][0][0][0][0][0][0][0][0][0][0][0][0][0][0][0][0][0][0][0][0][0][0][0][0][0][0][0][0][0][0][0][0][0][0][0][0][0][0][0][0][0][0][0][0][0][0][0][0][0][0][0][0][0][0][0][0][0][0][0][0][0][0][0][0][0][0][0][0][0][0][0][0][0][0][0][0][0][0][0][0][0][0][0][0][0][0][0][0][0][0][0][0][0][0][0][0][0][0][0][0][0][0][0][0][0][0][0][0][0][0][0][0][0]
[0][0][0][0][0][0][0][0][0][0][0][0][m][m][m][m][m][w][m][m][m][0][0][0][0][0][0][0][0][0][0][0][0][0][0][0][0][o][0][0][0][0][0][0][0][0][0][0][0][0][r][r][0][0][0][0][0][0][0][0][0][0][0][0][0][0][0][0][0][0][0][0][0][0][0][0][0][0][0][0][0][0][0][0][0][0][o][0][0][0][0][0][0][0][0][0][0][0][0][0][0][0][0][0][0][0][m][m][m][m][m][m][w][0][0][0][0][0][0][0][0][0][0][0][0][0][0][0][0][0][0][0][0][0][0][0][0][0][0][0][0][0][0][0][0][0][0][l][0][0][0][0][r][r][0][0][0][0][0][0][0][0][w][m][m][m][0][0][0][0][0][0][0][0][0][0][0][0][0][0][0][0][m][m][m][m][m][m][m][m][o][m][m][m][m][o][m][m][m][m]
[0][0][0][0][0][0][0][0][0][0][0][0][0][0][0][0][0][0][0][0][0][0][0][0][0][0][0][0][0][0][0][0][0][0][0][0][0][0][0][0][0][0][0][0][0][0][0][0][0][r][r][r][0][0][0][0][0][0][0][0][0][0][0][0][0][0][t][T][0][0][0][0][0][0][0][0][0][0][0][0][0][0][0][0][0][0][0][0][0][0][0][0][0][0][0][0][0][0][0][0][0][0][0][0][0][0][0][0][0][0][0][0][0][0][0][0][0][0][0][0][0][0][0][0][0][0][0][0][0][0][0][0][0][0][0][0][0][0][0][0][0][0][0][0][0][0][0][0][0][0][0][0][r][r][0][0][0][0][0][0][0][0][0][0][0][0][0][0][0][0][0][0][0][0][0][0][0][0][0][0][0][0][0][0][0][0][0][0][0][0][0][0][0][0][0][0][0][0][0][0]
[0][0][0][0][0][0][0][0][0][0][0][0][0][0][0][0][0][0][0][0][0][0][0][0][0][0][0][0][0][0][0][0][0][0][0][0][0][0][0][0][0][0][0][0][0][0][0][0][r][r][r][r][0][0][0][0][0][0][0][0][0][0][0][0][0][0][t][T][0][0][0][0][0][0][0][0][0][0][0][0][0][0][0][0][0][0][0][0][0][0][0][0][0][0][0][0][0][0][0][0][0][0][0][0][0][0][0][0][0][0][0][0][0][0][0][0][0][0][0][0][0][0][0][0][0][0][0][0][0][0][0][0][0][0][0][0][0][0][0][0][0][0][0][0][0][0][0][0][0][0][0][0][r][r][0][0][0][0][0][0][0][0][0][0][0][0][0][0][0][0][0][0][0][0][0][0][0][0][0][0][0][0][0][0][0][0][0][0][0][0][0][0][0][0][0][0][0][0][0][0]
[0][0][0][0][0][0][0][0][0][0][0][0][0][0][0][0][N][0][0][0][0][0][0][0][0][0][0][0][0][0][0][0][0][0][0][0][0][0][0][0][0][0][0][e][0][0][0][r][r][r][r][r][0][0][0][0][0][0][0][0][0][0][0][0][0][0][r][r][0][0][0][0][0][0][0][0][0][0][0][0][0][0][0][0][0][0][0][0][0][0][0][0][0][0][0][0][0][0][0][0][0][0][0][0][0][0][0][0][0][0][0][0][0][0][0][0][0][0][0][0][0][0][0][0][0][0][0][0][0][0][0][0][0][0][0][0][0][0][0][0][0][0][0][0][0][0][0][0][0][0][0][0][r][r][0][0][0][0][0][0][0][0][0][0][0][0][0][0][0][0][0][0][0][0][0][0][0][0][0][0][0][0][a][a][a][a][a][0][0][0][N][0][0][0][0][N][0][0][0][0]
[0][0][0][0][0][0][0][0][0][0][0][0][m][m][m][m][m][m][m][m][m][m][0][0][0][0][0][0][0][0][0][0][0][0][0][0][0][w][0][0][0][0][0][r][0][0][0][r][r][r][r][r][0][0][0][o][o][o][0][0][0][0][0][0][0][0][0][0][0][0][0][0][0][0][0][0][0][0][0][0][0][0][0][0][m][w][m][o][m][0][0][0][0][0][0][0][0][0][0][0][0][o][0][0][0][0][0][0][0][0][0][0][o][0][0][0][0][0][0][0][0][0][0][0][0][0][0][0][0][0][0][0][0][0][0][0][0][m][0][0][0][0][0][0][0][0][m][m][0][0][0][0][r][r][0][0][0][0][0][0][0][0][0][0][0][0][0][0][0][0][0][0][0][0][0][0][0][m][m][0][0][0][m][m][m][m][m][m][m][m][m][m][m][m][m][m][m][m][m][m]
[0][0][0][0][0][0][0][0][0][0][0][0][0][0][0][0][0][0][0][0][0][0][0][0][0][0][0][0][0][0][0][0][0][0][0][0][0][0][0][0][0][0][r][r][0][0][0][r][r][r][r][r][0][0][0][0][0][0][0][0][0][0][0][0][0][0][0][0][0][0][0][0][0][0][0][0][0][0][0][0][0][0][0][0][0][0][0][0][0][0][0][0][0][0][0][0][0][0][0][0][0][0][0][0][0][0][0][0][0][0][t][T][0][0][0][0][0][0][0][0][0][0][0][0][0][0][0][0][0][0][t][T][0][0][0][0][0][0][0][0][0][0][0][0][0][0][0][0][0][0][0][0][r][r][0][0][0][0][0][0][0][0][0][0][0][0][0][0][0][0][0][0][0][0][0][0][0][0][0][0][0][0][0][0][0][0][0][0][0][0][0][0][0][0][0][0][0][0][0][0]
[0][0][0][0][0][0][0][0][t][T][0][0][0][0][0][0][0][0][0][0][0][0][0][0][0][0][0][0][0][0][0][0][0][0][0][0][0][0][0][0][0][r][r][r][0][0][0][r][r][r][r][r][0][0][0][0][0][0][0][0][0][0][0][0][0][0][0][0][0][t][T][0][0][0][c][0][0][0][0][0][0][0][0][0][0][0][0][0][0][0][c][0][0][c][0][0][0][0][0][0][0][0][0][0][0][0][0][0][0][0][t][T][0][0][0][0][0][0][0][0][0][0][0][0][0][0][0][0][0][0][t][T][0][0][0][0][0][0][0][0][0][0][0][0][0][0][0][0][0][0][0][0][r][r][0][0][0][0][0][0][0][0][0][0][0][0][0][t][T][0][0][0][0][0][0][0][0][0][0][0][0][0][0][0][0][0][0][0][0][0][0][0][0][0][0][0][0][0][0][0]
[0][0][0][0][0][0][0][0][t][T][0][0][0][0][N][0][0][0][0][0][0][0][0][0][0][0][0][0][0][0][0][0][0][0][0][0][0][0][0][0][r][r][r][r][0][0][0][r][r][r][r][r][0][0][0][0][0][0][0][0][0][0][0][0][0][0][0][0][0][t][T][0][0][0][0][0][0][0][0][0][0][0][0][0][0][0][e][0][0][0][0][0][0][0][0][0][0][0][0][0][0][0][k][0][0][0][0][0][0][0][t][T][0][0][0][0][0][k][k][0][0][0][0][0][0][0][0][0][k][0][t][T][0][0][0][e][e][0][0][0][0][0][0][0][0][0][k][0][0][Y][0][0][r][r][0][0][0][e][e][e][0][0][Y][0][0][0][0][t][T][0][0][0][0][0][0][0][0][0][0][0][0][0][0][0][0][0][0][0][0][0][0][0][0][0][0][0][0][0][N][0#]
[0][0][g][g][g][g][g][g][g][g][g][g][g][g][g][g][g][g][g][g][g][g][g][g][g][g][g][g][g][g][g][g][g][g][g][g][g][g][g][g][g][g][g][g][0][0][0][g][g][g][g][g][g][g][g][g][g][g][g][g][g][g][g][g][g][g][g][g][g][g][g][g][g][g][g][g][g][g][g][g][g][g][g][g][g][g][g][g][g][g][g][g][g][g][g][g][g][g][g][g][g][g][g][g][g][g][g][g][g][g][g][g][g][g][g][g][g][g][g][g][g][g][g][g][g][g][g][g][g][g][g][g][g][g][g][g][g][g][g][g][g][g][g][g][g][g][g][g][g][g][0][0][g][g][g][g][g][g][g][g][g][g][g][0][g][g][g][g][g][g][g][g][g][g][g][g][g][g][g][g][0][0][g][g][g][g][g][g][g][g][g][g][g][g][g][g][g][g][g][g]
[0][0][g][g][g][g][g][g][g][g][g][g][g][g][g][g][g][g][g][g][g][g][g][g][g][g][g][g][g][g][g][g][g][g][g][g][g][g][g][g][g][g][g][g][0][0][0][g][g][g][g][g][g][g][g][g][g][g][g][g][g][g][g][g][g][g][g][g][g][g][g][g][g][g][g][g][g][g][g][g][g][g][g][g][g][g][g][g][g][g][g][g][g][g][g][g][g][g][g][g][g][g][g][g][g][g][g][g][g][g][g][g][g][g][g][g][g][g][g][g][g][g][g][g][g][g][g][g][g][g][g][g][g][g][g][g][g][g][g][g][g][g][g][g][g][g][g][g][g][g][0][0][g][g][g][g][g][g][g][g][g][g][g][0][g][g][g][g][g][g][g][g][g][g][g][g][g][g][g][g][0][0][g][g][g][g][g][g][g][g][g][g][g][g][g][g][g][g][g][g]

